55.04
55.04
48.92
48.02
48.92
51.08
53.06
35.06
42.08
48.02
57.02
66.02
59.0
57.92
55.04
62.06
64.94
69.08
73.04
73.04
75.92
75.02
71.96
64.94
66.92
69.08
69.08
66.92
64.04
46.04
35.96
46.04
51.98
50.0
46.94
60.08
60.98
51.08
66.02
48.92
41.0
39.92
48.02
57.92
69.08
55.04
59.0
62.96
64.04
59.0
66.92
75.92
53.06
39.92
53.96
64.04
57.02
66.02
66.02
60.98
60.98
68.0
71.06
64.04
66.02
62.06
66.02
80.06
80.06
75.02
71.96
75.02
80.96
71.06
57.02
71.96
69.08
75.02
62.06
60.98
73.04
77.0
64.94
69.08
73.04
82.04
71.96
75.92
80.06
82.94
78.98
80.96
84.02
82.04
84.02
80.96
77.0
71.96
75.02
80.06
69.08
78.98
80.06
77.0
75.02
73.04
77.0
69.98
62.96
77.0
82.04
73.04
87.98
82.04
84.02
87.98
78.08
80.96
84.92
87.98
82.94
87.08
91.04
91.94
95.0
91.94
96.08
75.92
77.0
87.08
91.04
91.04
89.06
77.0
84.02
87.08
91.94
87.98
89.96
87.08
91.04
91.04
89.96
87.98
84.02
89.96
93.92
96.08
96.08
95.0
93.92
93.92
96.98
73.94
95.0
93.02
93.92
93.92
89.96
86.0
93.02
91.94
93.02
93.92
93.02
95.0
95.0
91.94
93.92
95.0
93.92
95.0
95.0
96.08
91.94
96.98
98.06
98.96
98.96
91.94
86.0
82.94
87.08
89.96
91.94
93.92
95.0
93.92
84.02
89.06
93.02
91.94
91.94
93.02
95.0
96.08
96.98
98.06
98.06
96.98
95.0
96.08
95.0
93.02
95.0
96.98
98.06
91.04
82.94
93.92
96.08
98.96
102.02
100.94
98.96
98.06
100.04
102.02
98.06
98.96
100.04
102.02
100.04
98.96
100.94
102.02
102.92
105.08
102.02
102.92
100.94
100.94
102.02
102.92
105.98
107.06
96.08
93.02
96.98
98.96
98.06
100.04
100.94
100.04
98.96
84.02
91.94
93.02
91.94
78.08
87.08
91.94
93.02
95.0
93.92
93.02
93.92
93.92
93.02
93.92
87.98
87.08
84.92
84.92
87.08
91.04
91.04
91.94
87.08
78.98
87.08
89.06
89.06
87.08
86.0
77.0
77.0
80.06
82.04
84.02
84.02
86.0
86.0
87.08
89.06
84.92
80.06
84.92
84.02
84.02
84.92
84.92
87.08
87.08
86.0
86.0
87.08
87.98
84.02
89.06
78.08
73.04
80.06
86.0
84.02
71.06
62.06
69.08
68.0
71.06
75.02
78.08
80.06
82.04
80.06
82.04
64.94
62.06
66.92
68.0
80.96
66.02
71.06
78.08
82.94
84.02
82.04
84.92
78.98
57.92
62.96
71.96
80.06
62.96
66.92
73.04
75.92
80.06
57.02
57.02
59.0
57.92
64.94
73.94
71.06
55.94
62.06
71.96
77.0
62.06
51.98
57.02
66.92
75.92
78.98
64.04
64.94
62.96
46.04
51.98
60.08
62.06
71.96
75.02
68.0
57.92
55.94
59.0
57.92
71.06
66.92
77.0
64.94
51.08
39.92
44.06
39.92
39.92
46.94
50.0
51.08
66.92
66.92
66.02
59.0
50.0
64.04
53.96
59.0
59.0
62.96
69.08
77.0
73.94
80.96
78.08
66.02
26.06
28.04
41.0
66.92
73.94
57.92
64.94
48.92
44.96
57.02
68.0
73.94
77.0
77.0
75.92
78.08
80.06
75.92
80.96
82.94
66.92
78.08
84.92
68.0
77.0
84.92
73.94
73.94
78.08
78.98
73.94
66.02
68.0
78.08
86.0
71.96
73.04
80.06
82.94
75.92
71.96
75.92
78.98
84.92
87.98
86.0
80.06
84.92
84.02
89.96
86.0
87.08
86.0
73.04
64.04
71.06
69.08
82.04
93.02
86.0
87.08
75.02
78.08
87.98
84.02
93.02
93.92
93.02
84.02
86.0
87.08
87.98
84.02
82.04
87.98
95.0
93.02
89.96
91.94
93.92
93.92
91.94
91.94
96.08
87.08
82.94
89.96
93.02
95.0
55.04
75.02
82.94
86.0
89.96
93.92
98.06
98.96
95.0
91.94
78.08
89.96
82.04
80.96
87.08
89.06
87.98
80.06
89.96
89.06
93.02
93.92
95.0
100.04
91.94
100.04
100.04
96.98
96.08
98.06
96.98
98.96
98.96
98.06
100.94
102.92
100.04
98.96
98.96
100.04
98.96
100.04
100.94
102.92
104.0
102.92
105.98
105.98
105.08
102.02
100.94
89.96
95.0
96.98
96.98
96.98
98.96
98.96
98.96
100.04
98.96
100.94
102.02
100.94
100.94
102.02
100.04
102.02
100.04
100.94
102.02
102.02
102.02
104.0
104.0
98.96
100.94
100.04
102.92
102.02
102.92
104.0
104.0
105.08
105.08
102.92
104.0
104.0
102.02
102.02
102.02
107.06
107.06
105.98
107.06
105.98
104.0
102.92
105.98
105.98
104.0
104.0
102.92
96.98
105.08
105.08
104.0
102.92
105.98
107.06
105.98
102.92
105.08
104.0
105.98
93.92
102.92
109.94
111.92
109.04
105.08
102.92
102.02
104.0
102.02
102.02
91.94
93.92
96.08
95.0
98.96
100.04
104.0
105.08
105.08
102.92
96.08
91.04
93.02
95.0
95.0
96.98
96.98
98.06
93.02
98.96
105.08
104.0
100.04
102.92
100.94
91.04
89.06
89.96
87.98
89.06
89.96
89.96
95.0
89.96
73.94
78.98
87.08
89.06
87.98
89.06
87.98
89.06
89.96
75.02
75.92
80.96
87.08
87.08
89.96
87.98
87.08
87.98
73.94
62.96
68.0
75.02
80.06
80.96
86.0
64.04
66.92
78.08
80.06
78.08
75.02
64.04
66.92
69.98
80.06
86.0
82.94
73.04
78.98
62.96
69.98
80.06
82.94
78.98
71.96
73.04
71.96
78.08
66.92
55.04
62.96
66.92
62.96
73.04
62.96
69.98
66.92
44.06
42.08
51.98
55.94
64.04
53.06
51.98
60.08
68.0
73.04
69.98
55.94
60.98
62.06
69.98
59.0
50.0
68.0
44.06
44.06
46.94
57.02
64.94
68.0
71.96
75.02
78.98
62.96
60.08
62.06
73.04
69.98
73.94
69.08
60.08
57.02
57.92
77.0
50.0
57.92
66.92
64.04
73.04
73.94
66.02
80.06
73.94
60.98
75.92
66.92
68.0
69.98
69.98
71.06
59.0
62.96
64.04
73.04
82.04
71.96
75.02
69.08
50.0
51.08
66.92
55.94
57.92
64.94
50.0
44.06
64.04
73.04
78.08
64.94
57.02
57.02
59.0
69.98
75.92
87.98
91.94
64.94
62.06
66.02
69.98
78.08
75.92
71.96
82.94
66.02
73.04
75.92
75.02
73.04
75.92
46.04
51.98
73.94
80.06
80.06
78.98
82.04
80.06
78.98
75.02
78.98
69.98
71.06
82.94
80.06
80.96
82.04
82.04
80.96
73.04
80.96
84.02
87.98
87.08
86.0
86.0
84.92
91.94
84.02
84.92
82.94
82.94
84.02
84.92
86.0
82.94
80.06
77.0
75.92
84.02
82.94
86.0
77.0
80.96
91.04
82.04
87.98
91.94
93.92
89.96
91.04
87.98
84.92
89.06
87.98
93.02
93.02
96.08
93.02
91.94
69.98
82.94
73.04
82.94
82.04
84.02
86.0
73.94
86.0
87.98
87.08
89.06
87.08
91.94
91.04
89.96
91.04
91.94
91.94
89.96
91.94
93.92
91.94
93.92
91.94
93.92
91.94
91.94
95.0
96.08
91.04
87.98
93.92
96.98
100.94
96.98
96.08
96.98
96.98
96.98
96.08
96.98
95.0
93.92
95.0
98.06
98.96
100.94
105.08
109.04
105.98
100.04
98.96
93.92
89.96
96.98
98.06
98.96
100.04
98.96
100.04
98.96
98.96
91.04
87.98
96.08
96.98
95.0
93.02
93.02
89.96
91.94
95.0
98.06
100.04
93.92
95.0
96.08
96.08
96.98
96.98
98.96
100.04
98.96
100.94
102.02
102.02
100.94
100.04
96.98
96.98
100.94
100.94
102.92
107.06
102.92
102.02
102.92
102.02
102.02
100.94
102.02
89.06
89.96
96.08
93.02
91.94
93.92
96.98
98.06
96.08
98.06
98.06
98.06
102.92
100.04
100.94
100.04
100.94
102.92
102.92
102.02
102.92
89.06
93.02
95.0
93.02
98.96
87.08
71.96
80.96
73.04
84.92
87.08
87.98
89.96
91.04
89.96
93.02
91.94
91.94
91.94
89.96
86.0
82.04
78.98
84.02
82.04
84.92
89.96
89.06
71.96
57.92
69.98
80.06
87.98
84.02
87.98
82.94
87.98
78.98
71.96
89.96
78.98
82.94
87.08
91.04
89.06
84.92
87.08
87.98
62.96
64.04
66.92
69.98
78.08
86.0
87.98
84.92
87.08
82.04
86.0
80.06
82.04
84.92
84.92
84.02
80.96
66.02
55.94
68.0
64.94
69.98
69.08
75.92
77.0
82.94
82.04
80.06
71.96
66.02
77.0
84.92
60.08
69.08
71.96
78.98
82.94
80.06
80.06
78.98
73.94
73.94
78.98
80.96
80.06
55.04
57.02
62.06
69.98
71.06
75.02
71.06
73.04
82.94
84.02
69.98
62.96
69.08
71.06
68.0
66.92
44.96
46.04
62.96
53.06
51.08
57.92
55.04
44.96
46.94
44.96
55.94
60.98
57.02
53.06
59.0
66.02
75.02
75.02
53.06
51.08
42.08
53.96
66.92
66.02
69.08
75.02
73.94
73.04
75.92
80.96
80.96
66.92
80.96
77.0
84.02
60.08
69.98
73.04
78.08
73.04
75.92
80.06
75.92
84.92
71.06
69.08
69.08
57.92
71.06
64.04
71.96
64.04
66.02
71.96
82.94
69.98
62.96
78.98
60.08
71.96
75.92
64.94
68.0
64.04
62.96
69.98
62.96
77.0
89.06
68.0
66.02
73.94
66.92
73.04
66.92
69.08
80.06
77.0
78.98
82.94
86.0
84.02
89.96
84.92
73.04
80.06
84.92
80.06
60.98
60.98
66.02
71.06
75.92
80.06
86.0
80.06
87.08
75.92
57.02
62.06
73.04
82.04
84.02
77.0
86.0
73.94
68.0
80.96
78.08
87.08
87.98
84.92
84.92
75.02
69.08
73.04
78.08
84.92
78.98
64.94
69.98
78.98
84.92
87.08
86.0
84.02
89.06
75.02
71.06
84.92
78.98
75.92
87.08
86.0
78.08
87.98
82.94
82.94
87.08
87.08
87.08
93.92
95.0
96.08
93.92
93.92
89.96
93.92
91.04
84.02
80.96
87.08
89.96
91.04
89.06
91.04
91.94
95.0
89.96
93.92
93.92
93.92
96.98
87.98
91.94
89.96
96.08
96.08
96.98
96.98
93.02
91.94
98.06
98.96
95.0
98.06
98.06
98.96
98.96
98.96
98.96
100.94
102.02
102.92
105.98
107.96
96.08
91.04
95.0
96.08
96.08
98.96
98.96
102.02
91.04
102.02
102.02
102.02
102.92
105.08
98.06
78.08
93.92
91.94
95.0
96.08
96.08
96.08
98.96
98.96
96.98
100.04
100.04
89.96
98.06
100.94
100.94
102.02
102.92
102.02
102.02
100.94
104.0
105.08
105.98
105.08
104.0
105.98
100.94
100.94
102.92
107.06
96.98
96.98
96.08
98.06
98.06
98.96
98.96
100.04
100.94
100.94
96.98
91.94
87.98
98.96
102.02
105.08
104.0
102.92
102.92
104.0
102.02
98.96
100.94
100.04
95.0
93.92
96.08
96.98
96.98
98.96
96.98
96.08
93.92
91.94
96.08
96.08
80.96
86.0
87.08
91.04
98.06
96.98
93.02
91.94
93.92
78.08
89.96
91.04
91.94
93.02
91.94
89.96
82.04
84.92
84.92
84.92
86.0
87.98
91.94
75.92
78.08
84.92
62.06
75.02
71.96
68.0
75.02
80.96
77.0
82.04
82.04
78.98
80.96
75.02
82.04
84.02
84.02
82.04
84.02
75.02
69.08
66.92
80.06
71.96
64.94
66.02
69.98
71.06
77.0
60.98
57.02
62.96
78.08
80.96
89.96
80.06
71.96
71.06
80.96
73.94
42.98
42.98
39.92
53.96
51.98
57.02
62.96
66.92
73.04
82.94
84.92
75.02
68.0
37.94
31.1
46.94
39.92
48.02
60.08
53.96
51.08
51.08
62.06
69.08
73.94
71.96
78.08
73.94
73.94
55.94
57.92
60.98
57.92
57.02
60.08
62.06
64.04
44.06
55.04
69.08
55.04
57.92
71.06
59.0
35.96
48.02
53.06
69.98
71.96
75.02
66.92
71.06
75.92
64.04
71.96
64.04
69.98
71.96
82.04
62.96
69.98
55.94
39.92
69.98
75.92
60.08
39.02
48.92
64.94
80.06
75.92
55.04
46.04
64.04
48.02
32.0
37.94
64.94
75.92
60.08
35.96
57.02
69.08
86.0
75.92
75.92
80.96
82.04
82.04
82.94
71.96
77.0
86.0
75.92
71.06
51.98
59.0
80.06
82.04
73.04
46.94
50.0
53.06
64.94
66.92
59.0
57.92
71.06
82.94
69.98
68.0
75.02
73.94
64.04
68.0
82.94
71.96
75.92
80.06
77.0
60.98
66.02
69.08
66.02
82.04
89.06
77.0
78.98
84.92
86.0
82.04
82.04
73.94
64.94
60.98
71.96
77.0
84.02
87.08
84.92
84.92
78.08
73.04
64.94
73.04
66.92
78.08
78.08
75.02
84.02
87.08
87.08
87.98
87.98
86.0
96.08
93.02
84.02
75.02
77.0
82.94
93.92
91.04
91.94
87.08
87.98
84.02
86.0
91.04
93.02
82.04
66.92
75.92
84.02
86.0
86.0
84.92
86.0
89.06
89.06
87.08
84.02
86.0
87.08
75.02
73.04
84.02
89.06
93.92
93.02
87.98
91.04
89.96
91.04
91.04
91.94
91.94
89.96
86.0
91.94
93.92
91.94
89.06
87.08
91.04
91.94
91.94
91.94
91.04
91.04
91.94
89.96
87.98
93.02
89.06
87.98
91.04
93.02
95.0
96.08
96.08
96.98
96.08
93.02
93.92
95.0
96.08
98.06
98.06
96.08
95.0
98.06
100.04
100.94
91.94
95.0
89.06
78.08
86.0
93.92
96.08
96.08
96.98
93.92
96.08
98.06
98.06
98.96
96.98
96.08
96.98
91.04
89.96
93.92
93.92
96.98
98.96
102.02
102.02
100.04
100.94
102.02
100.04
96.98
98.06
100.94
104.0
100.94
102.02
96.08
102.02
102.92
102.92
100.94
100.94
100.94
100.94
98.06
98.96
96.08
95.0
98.96
100.94
98.06
100.04
98.96
96.98
96.98
89.06
96.08
96.98
98.96
98.96
96.08
66.02
77.0
87.98
93.92
91.04
89.96
86.0
89.96
89.96
91.04
84.92
84.02
82.94
84.92
80.06
87.98
89.06
89.96
91.94
91.94
84.92
80.06
87.08
89.06
93.92
89.96
91.94
91.94
78.08
77.0
75.92
80.06
87.98
86.0
87.08
86.0
82.04
82.04
82.94
82.94
82.94
84.92
87.98
86.0
86.0
84.02
80.96
82.04
75.92
68.0
75.02
75.92
75.02
59.0
62.96
71.06
75.02
73.94
75.92
64.94
51.08
41.0
44.96
48.02
50.0
53.06
55.94
69.08
69.98
73.94
66.92
80.96
66.02
66.92
77.0
64.04
71.96
73.04
78.98
66.02
50.0
59.0
66.02
75.02
69.08
55.94
66.92
69.08
66.02
66.92
71.06
73.94
73.94
73.94
62.96
53.06
60.08
57.02
53.96
55.94
77.0
59.0
57.02
64.94
73.94
66.02
46.94
66.92
46.04
42.08
39.92
42.98
62.06
51.08
51.98
71.06
51.08
35.96
37.94
35.96
48.92
46.04
42.08
39.92
59.0
64.04
69.08
71.96
75.02
80.06
55.94
51.98
51.08
62.96
73.04
73.94
82.94
80.96
78.98
57.92
62.06
73.04
48.92
42.98
55.04
51.98
60.08
69.08
78.08
82.94
80.96
78.08
62.06
69.98
78.08
68.0
66.02
55.04
66.02
69.98
75.02
78.08
55.94
37.04
37.04
62.96
51.98
35.96
35.96
42.98
44.96
60.08
69.98
46.94
57.02
60.08
53.96
55.04
62.96
59.0
73.04
78.08
78.08
69.08
77.0
77.0
80.96
82.94
71.06
60.98
