48.04 81.53
68.77 54.12
60.16 67.34
75.15 50.04
32.19 65.49
43.61 57.51
67.53 54.86
53.25 93.22
54.76 95.55
39.31 77.17
33.99 79.06
59.67 91.54
66.61 75.74
36.44 84.73
46.54 78.56
35.34 51.75
47.65 81.95
70.67 86.26
65.14 98.53
37.24 83.71
56.58 86.61
43.54 73.20
76.19 70.09
59.89 92.74
73.08 76.10
56.17 69.16
41.49 66.78
49.87 96.17
36.98 59.35
54.90 69.79
54.43 74.64
36.77 66.19
39.70 52.78
60.66 58.55
69.79 75.64
46.23 94.19
44.44 77.27
68.95 93.34
74.20 95.06
61.66 65.54
53.74 68.28
56.02 97.71
59.44 54.88
59.71 79.81
54.31 78.67
57.67 55.57
51.95 54.24
60.64 98.55
52.00 97.09
51.15 50.34
37.85 67.35
58.90 51.83
61.85 61.85
67.28 57.57
54.58 56.95
31.25 84.87
41.28 71.22
39.48 95.45
46.62 98.12
59.12 78.56
47.74 76.41
58.80 58.80
55.44 93.60
49.78 80.59
65.53 92.71
49.17 60.42
30.64 86.48
45.98 89.80
30.38 77.66
54.97 78.31
62.59 90.60
76.93 92.35
34.63 52.29
44.03 58.36
44.41 61.67
74.42 56.98
70.12 83.38
72.61 50.20
74.91 74.98
56.70 56.37
60.92 99.63
35.31 57.79
62.50 56.22
69.18 92.88
52.84 84.69
32.19 67.79
34.29 82.89
65.59 69.94
62.35 73.39
77.40 75.62
43.66 82.78
65.20 64.95
42.99 75.27
48.42 63.75
54.58 54.57
31.95 75.55
53.58 61.34
32.67 96.78
60.36 73.40
38.97 78.58
58.69 75.69
68.83 85.61
70.38 70.50
57.67 60.61
58.74 73.68
53.37 86.17
68.26 91.97
44.20 99.35
33.74 92.12
39.05 88.83
61.40 96.25
36.89 97.61
42.20 75.14
40.86 71.41
52.49 93.89
77.94 95.63
44.28 61.26
36.77 81.86
70.53 65.88
79.03 62.61
66.05 83.66
55.16 87.09
50.21 68.80
65.45 95.60
40.04 95.48
78.13 70.45
46.30 96.15
55.86 82.34
45.76 56.40
60.01 83.96
61.25 65.04
64.95 64.90
32.71 55.32
63.46 60.62
52.90 86.67
54.72 72.32
37.54 95.85
51.38 68.71
71.37 57.23
55.59 74.18
56.50 88.26
41.20 92.43
53.35 73.07
32.82 91.48
54.01 71.76
79.85 52.87
74.99 80.15
34.80 87.67
78.47 85.68
31.80 89.10
34.15 63.35
79.65 50.81
66.62 66.75
39.48 51.46
46.77 65.53
63.27 66.96
48.53 72.31
65.57 68.60
51.80 99.65
57.36 76.34
66.44 66.21
58.84 84.85
74.06 80.05
58.69 96.28
41.83 54.79
51.23 77.19
44.71 50.27
51.23 89.01
66.89 75.39
41.75 99.52
74.52 75.78
51.75 98.38
58.44 68.69
54.02 67.07
65.86 99.48
75.11 76.76
44.72 59.26
68.29 86.22
35.90 76.79
30.22 72.20
57.90 75.74
75.26 52.61
54.47 64.91
38.84 96.48
78.21 63.21
78.85 86.15
77.35 87.89
59.73 96.62
68.75 75.55
37.23 92.41
77.47 84.88
47.61 56.00
53.59 84.89
76.55 88.61
44.23 74.31
32.19 56.41
75.44 58.44
40.11 56.47
33.73 80.59
65.28 88.86
73.73 80.47
45.94 85.90
60.75 73.26
55.26 59.56
47.79 88.85
70.02 50.90
76.84 60.61
36.56 96.96
65.26 50.58
48.26 63.80
77.39 61.25
58.96 77.27
40.44 70.94
49.78 84.40
74.60 97.39
75.12 98.93
42.89 64.08
66.24 68.45
62.64 62.98
57.81 50.68
52.42 60.66
36.45 73.80
35.84 68.37
37.50 84.32
52.31 90.18
33.58 52.92
50.69 50.80
69.51 70.66
49.32 51.07
32.35 98.17
47.72 66.44
64.94 86.29
75.39 71.81
47.23 69.32
69.78 95.56
53.60 99.77
63.07 70.19
38.56 73.55
79.28 97.12
37.89 98.03
43.98 85.82
72.53 84.81
37.94 92.65
46.16 67.59
46.99 93.10
42.56 82.85
69.26 92.52
50.50 70.69
71.14 98.06
64.34 62.22
75.62 99.32
78.96 83.63
75.98 82.54
44.05 58.09
79.01 84.18
74.63 92.77
71.02 83.70
39.31 58.73
47.06 81.93
34.00 74.12
44.54 84.79
35.70 74.40
53.42 89.99
45.84 64.01
51.23 96.00
47.20 58.28
54.88 84.24
47.01 61.57
77.61 70.12
67.66 78.06
45.89 82.24
65.94 88.61
73.99 78.83
51.69 66.24
74.78 90.35
35.86 68.75
31.68 69.47
37.79 82.85
75.11 67.02
79.28 75.81
44.80 81.15
43.37 56.93
79.69 68.50
42.32 90.79
76.39 71.74
61.35 82.14
44.61 67.08
42.74 97.79
50.00 93.76
70.43 77.45
65.45 94.29
38.12 92.09
58.93 58.38
37.04 85.94
68.11 63.18
71.32 67.62
76.94 91.47
34.72 73.63
52.27 64.49
58.91 96.72
66.57 64.49
38.30 55.29
56.34 61.24
54.37 62.65
63.02 76.20
63.75 66.38
48.95 75.04
42.00 54.02
64.50 68.28
71.60 68.29
33.54 65.28
49.45 80.73
32.56 78.83
31.24 69.29
79.32 99.43
56.31 73.14
49.40 73.16
55.70 65.06
64.26 98.36
73.73 79.69
42.54 90.62
61.81 50.73
32.71 66.03
75.67 83.12
70.94 59.10
38.61 81.05
33.65 76.60
74.95 62.70
71.22 56.91
67.45 56.47
62.96 95.56
58.79 87.29
36.50 92.56
31.26 90.87
36.92 53.48
76.90 84.70
45.80 78.80
76.28 70.80
72.81 72.26
61.94 93.61
76.48 96.91
49.50 97.11
46.04 64.42
56.47 67.54
67.94 80.67
76.34 57.36
33.20 84.94
72.82 64.76
60.39 97.30
68.59 61.35
34.49 64.04
72.08 74.15
58.48 64.28
59.88 82.70
49.20 86.63
66.61 94.53
66.09 67.04
56.65 86.76
53.11 60.85
75.67 54.37
55.02 82.11
65.83 88.50
47.18 83.72
47.61 79.33
67.38 64.49
66.35 74.60
62.78 66.84
53.02 87.57
58.85 75.83
31.01 90.84
70.02 78.51
52.53 66.43
67.35 62.41
76.28 88.89
42.01 91.98
49.63 59.89
39.78 87.57
72.78 97.21
79.83 51.08
53.86 72.69
67.59 83.95
36.17 76.59
50.21 75.66
51.82 76.17
70.39 64.78
38.45 94.65
30.02 79.24
64.29 80.39
75.88 72.01
32.62 52.69
39.79 60.40
55.33 69.36
73.31 91.44
69.55 74.88
31.26 57.67
55.69 79.00
67.19 81.27
54.33 72.40
72.58 74.82
66.17 82.54
77.91 91.36
40.98 74.59
48.08 89.80
68.59 84.38
75.71 94.66
48.46 74.86
59.04 55.99
40.89 61.27
45.19 61.34
48.11 71.93
75.69 88.69
50.68 79.35
57.93 78.44
72.32 95.63
50.65 53.50
36.00 56.49
32.12 54.95
77.16 92.34
58.81 85.48
75.26 82.08
79.19 52.85
56.85 57.32
78.79 70.02
48.84 50.62
79.22 99.71
56.61 89.59
76.99 56.48
53.14 61.18
38.87 67.25
61.10 60.69
45.71 55.93
44.51 82.07
67.72 93.31
50.10 80.38
33.31 92.69
63.97 79.06
61.72 81.90
59.23 60.46
35.79 87.64
76.22 55.86
55.05 86.88
63.61 73.35
45.86 97.70
45.47 57.42
45.30 70.34
64.21 73.22
77.80 72.34
68.66 90.60
59.92 75.72
52.27 95.68
53.97 62.77
41.55 71.30
66.21 69.25
54.74 76.82
51.15 83.61
46.68 64.40
30.87 80.59
74.74 83.29
63.53 80.08
72.75 90.69
59.95 65.03
34.60 73.37
42.00 95.78
54.05 85.01
44.45 65.07
55.34 62.77
68.39 67.90
55.05 51.13
52.21 68.90
65.88 50.38
67.29 96.41
69.42 71.85
41.99 96.89
76.99 66.07
47.16 93.74
55.45 97.23
31.36 94.70
30.34 87.23
47.37 69.73
39.26 50.14
76.06 73.90
40.09 81.00
47.44 94.11
35.39 55.56
64.85 66.17
35.43 66.30
70.33 55.60
60.06 69.79
50.52 97.55
35.44 53.70
31.77 52.11
45.36 55.85
74.54 93.01
44.04 61.18
53.89 51.54
54.47 74.30
50.48 89.43
41.31 71.05
72.35 56.32
46.76 81.98
48.41 67.50
69.69 86.15
72.74 87.63
48.48 57.27
70.86 58.93
67.65 64.11
43.80 77.36
49.57 96.66
78.81 95.74
41.11 54.29
32.21 66.72
69.68 56.88
64.89 92.45
32.80 85.76
75.97 60.45
66.57 96.24
79.69 90.60
52.98 53.68
31.36 74.80
48.48 50.84
46.34 97.22
70.46 78.42
41.25 95.45
47.79 64.69
47.89 65.32
31.77 63.70
71.16 78.96
67.22 77.16
41.80 95.21
77.37 60.16
63.09 87.63
71.16 58.08
46.07 79.70
58.43 96.12
75.85 92.70
64.42 68.33
51.70 75.18
74.44 70.02
45.47 65.72
77.64 63.51
47.20 53.11
51.89 58.01
58.30 51.12
63.69 99.19
41.49 73.27
66.86 75.81
34.87 75.46
52.13 89.05
43.32 70.99
30.08 95.93
72.37 50.83
59.78 61.14
46.63 65.32
50.80 60.34
39.49 70.10
63.26 53.54
33.42 74.29
77.56 93.70
58.10 71.86
56.33 87.84
37.85 66.24
77.27 64.29
42.38 71.33
38.37 57.68
68.13 83.32
61.25 58.08
47.70 61.65
62.59 70.25
55.24 94.53
45.88 76.48
58.02 86.80
61.98 80.43
41.21 70.57
48.53 89.57
63.17 73.26
68.85 60.98
32.75 72.50
63.85 75.11
44.25 82.85
48.70 57.12
30.33 59.03
44.20 97.88
48.67 62.92
32.80 80.85
46.55 95.09
68.18 85.48
43.96 73.66
54.23 58.20
52.26 85.43
75.38 84.12
43.21 64.14
71.56 52.77
33.86 62.88
71.28 82.74
43.38 50.31
50.21 50.13
59.92 80.03
66.10 74.25
61.97 68.31
66.56 50.57
40.87 87.25
52.91 80.43
46.59 86.03
51.57 82.30
71.44 77.24
55.48 50.99
66.85 54.24
51.04 63.13
70.98 88.26
33.86 57.98
77.81 66.21
47.25 56.46
33.70 84.02
76.27 93.55
69.31 71.38
62.41 86.36
67.32 68.15
79.08 93.32
36.35 54.23
47.86 97.58
35.31 94.91
72.77 97.45
71.40 94.25
54.13 68.30
75.75 56.10
40.77 78.52
40.65 66.90
76.12 57.62
46.79 55.96
49.71 58.88
62.87 77.89
74.41 95.01
47.11 82.19
64.15 59.64
61.20 95.54
38.69 96.10
77.73 91.33
56.30 70.75
55.32 56.64
31.40 67.51
50.00 50.98
41.34 53.83
54.09 71.28
30.35 94.00
53.70 69.71
71.91 89.91
46.20 91.38
77.13 82.30
77.99 97.94
61.19 59.73
69.57 85.86
33.87 69.84
77.77 99.50
72.58 97.68
68.70 82.27
54.96 90.88
47.42 74.00
65.36 89.26
72.63 91.49
41.75 79.44
54.29 54.83
69.97 88.23
45.39 77.14
67.62 75.78
44.58 66.38
33.61 61.88
74.96 65.82
38.13 93.31
64.88 96.32
76.72 81.95
76.46 67.86
35.78 93.36
43.77 76.17
33.48 64.39
40.22 90.82
41.98 58.10
49.32 63.66
65.02 73.19
55.63 79.42
79.21 96.16
79.67 85.64
32.42 92.26
37.07 56.54
74.97 61.02
56.17 79.08
47.33 84.72
69.46 69.31
65.33 59.81
70.63 60.79
32.54 50.71
76.70 63.53
79.96 78.78
40.84 63.51
70.89 63.22
48.13 67.00
32.34 52.40
51.53 97.22
50.98 56.48
34.62 59.92
78.73 54.84
51.04 79.70
30.23 63.04
48.47 95.78
56.72 96.29
37.48 79.68
31.08 93.45
68.19 61.87
69.78 61.58
52.20 79.09
64.08 77.71
62.35 82.12
47.20 85.34
52.21 88.55
32.40 88.06
54.71 68.54
79.73 66.22
57.93 91.58
65.97 91.33
56.00 69.61
60.15 82.39
67.39 98.42
59.77 82.77
36.67 95.11
44.37 81.97
42.89 60.13
50.04 84.37
58.64 67.65
43.31 85.06
61.75 77.13
54.34 98.48
73.78 60.11
57.65 98.37
78.40 84.22
76.10 90.93
30.89 77.07
77.89 59.75
71.13 55.52
31.93 89.10
63.60 75.62
39.82 97.23
43.02 99.18
50.72 67.12
56.18 97.66
51.06 56.77
63.46 51.01
66.48 54.19
55.20 51.46
38.02 73.20
73.37 80.47
33.23 92.53
60.88 84.95
53.61 81.66
34.76 90.52
79.10 87.90
42.75 87.06
35.34 90.27
32.59 74.66
38.43 89.43
31.27 86.22
60.11 60.43
35.09 90.73
55.42 55.20
38.47 87.13
56.93 68.27
36.57 71.55
39.95 56.72
57.95 97.92
61.11 98.91
45.68 66.10
76.64 98.47
36.94 99.66
73.91 55.83
40.43 93.98
40.97 78.25
51.03 99.63
79.74 98.95
41.01 97.80
62.20 90.53
44.97 87.57
68.86 58.54
50.30 94.70
41.40 77.52
31.54 81.74
67.47 56.60
32.21 59.00
34.32 62.20
64.12 57.49
38.56 54.09
37.94 62.03
43.03 53.38
67.41 96.87
36.08 80.01
50.42 54.46
77.32 95.39
75.33 81.83
72.69 88.01
48.31 98.56
46.81 93.84
34.60 77.30
45.72 77.22
41.61 95.05
77.05 84.95
37.33 62.86
59.34 56.65
52.47 99.70
58.92 77.39
46.52 73.42
31.27 76.56
56.42 90.06
38.31 85.10
73.49 99.84
30.86 96.29
61.01 71.23
34.64 84.11
57.52 80.45
61.71 54.82
31.53 53.02
40.55 68.80
33.92 82.82
75.99 59.83
75.49 87.72
51.60 51.02
58.40 83.42
39.59 60.92
71.14 78.76
54.80 90.82
32.20 99.35
56.75 75.00
67.84 56.02
66.67 68.74
44.89 62.70
60.62 85.28
50.05 62.49
57.09 57.94
68.78 52.64
31.17 90.49
40.47 60.59
72.91 79.09
52.02 65.08
65.36 87.52
71.89 93.71
36.23 71.96
65.26 52.31
45.13 79.09
31.86 79.93
35.79 95.68
60.14 57.66
77.75 57.78
79.09 70.60
56.34 73.92
46.73 51.42
69.47 79.09
45.47 75.83
50.21 81.97
40.79 94.49
37.92 99.27
73.12 92.73
46.98 80.41
71.29 65.87
70.83 68.03
41.64 69.79
72.56 84.03
72.99 88.39
48.73 82.33
66.38 52.81
56.14 65.09
68.96 74.79
67.01 75.20
45.47 83.28
44.20 77.45
73.23 92.71
68.43 82.57
49.57 60.33
64.10 51.52
64.12 63.04
30.61 51.85
35.28 81.11
35.67 50.54
44.75 60.52
44.20 78.49
70.80 92.58
68.37 95.33
68.61 79.60
66.71 80.45
39.47 69.72
53.11 58.26
64.20 61.14
43.59 95.97
35.20 81.28
62.60 96.81
44.79 97.74
53.12 67.14
31.73 64.60
61.06 94.21
36.56 96.19
53.88 50.19
46.33 54.97
44.88 97.03
50.45 75.79
44.27 73.69
77.18 53.60
38.15 89.94
61.27 70.33
31.30 97.39
73.24 70.56
53.21 73.46
40.14 79.60
52.07 57.86
44.32 95.44
44.91 63.88
65.35 83.81
45.04 71.72
39.36 79.21
38.45 63.33
59.62 90.23
79.79 53.75
60.62 55.05
45.21 54.36
71.62 76.95
73.20 95.07
42.14 84.79
47.77 55.55
33.02 83.19
47.52 86.04
51.47 90.21
35.40 83.80
32.75 68.68
70.38 59.76
74.57 65.25
53.73 54.60
54.53 77.66
59.99 74.42
65.30 65.98
47.92 63.66
74.20 94.26
39.18 97.10
32.54 90.07
77.05 82.05
59.06 66.94
30.42 97.43
49.71 86.48
58.24 62.22
51.83 59.38
50.35 56.70
54.19 79.15
63.27 94.22
58.80 53.76
36.23 96.87
56.23 95.45
36.95 69.73
42.26 90.70
68.74 84.57
50.16 61.28
36.21 56.61
45.07 76.53
45.21 66.95
63.84 60.17
51.00 58.03
46.65 75.00
54.87 99.91
45.84 52.56
63.62 78.58
67.38 75.21
63.05 84.47
73.55 65.23
30.63 94.19
51.19 92.00
74.31 83.42
69.72 87.89
32.75 74.03
64.09 57.90
65.67 99.07
39.38 55.57
31.27 80.31
49.70 58.19
59.49 52.32
33.75 51.00
46.39 76.34
31.68 91.83
42.48 64.96
62.99 80.53
31.81 53.88
46.82 61.45
31.45 59.80
64.84 61.06
62.00 98.56
31.92 54.83
38.86 58.05
42.23 53.04
73.52 96.01
72.19 79.04
50.89 68.98
58.54 86.22
59.43 91.97
48.89 95.88
48.97 85.01
75.99 50.93
56.07 56.86
48.97 83.61
31.03 64.22
